{"nbformat":4,"nbformat_minor":0,"metadata":{"colab":{"name":"Multivariate Gaussian Sampling.ipynb","provenance":[],"collapsed_sections":[],"authorship_tag":"ABX9TyNvsK9U+eBucyjgeMf7sXcZ"},"kernelspec":{"name":"python3","display_name":"Python 3"},"language_info":{"name":"python"}},"cells":[{"cell_type":"code","source":["import jax\n","import matplotlib.pyplot as plt\n","import jax.numpy as jnp\n","key = jax.random.PRNGKey(0)\n","jnp.set_printoptions(formatter={'float': lambda x: \"{0:0.2f}\".format(x)})\n"],"metadata":{"id":"maJIIzD6h3HE","colab":{"base_uri":"https://localhost:8080/"},"executionInfo":{"status":"ok","timestamp":1649605372232,"user_tz":-330,"elapsed":1380,"user":{"displayName":"Anand Hegde","userId":"08790360327867025636"}},"outputId":"eb30a2d6-17e2-4789-cddb-243c70a680ea"},"execution_count":2,"outputs":[{"output_type":"stream","name":"stderr","text":["WARNING:absl:No GPU/TPU found, falling back to CPU. (Set TF_CPP_MIN_LOG_LEVEL=0 and rerun for more info.)\n"]}]},{"cell_type":"markdown","source":["Box Muller Transoform is used to transform Uniform Random Variable to Univariate Gaussian Random Variable.\n","\n","We first start with two random samples of equal length, u_1 and u_2, drawn from the uniform distribution U(0,1). Then, we generate from them two normally-distributed random variables z_1 and z_2. Their values are:\n","\\begin{equation*}\n","Z_1 = \\sqrt{-2ln(u_1)}cos(2πu_2)\n","\\end{equation*}\n","\\begin{equation*}\n","Z_2 = \\sqrt{-2ln(u_1)}sin(2πu_2)\n","\\end{equation*}\n","source: [Uniform to Normal distribution](https://www.baeldung.com/cs/uniform-to-normal-distribution)\n","\n","Samples can be drawn form Normal distribution using Central limit theorm too."],"metadata":{"id":"pjSTJPTXB9Sj"}},{"cell_type":"code","execution_count":3,"metadata":{"id":"s-Sa61VwPrNH","executionInfo":{"status":"ok","timestamp":1649605372912,"user_tz":-330,"elapsed":682,"user":{"displayName":"Anand Hegde","userId":"08790360327867025636"}}},"outputs":[],"source":["def box_muller(shape):\n","    global key,subkey\n","    u1, u2 = 0.0, 0.0\n","    epsilon = 0.1**5\n","    u1 = jax.random.uniform(key = key,shape = shape,minval=0.0001)\n","    key, subkey = jax.random.split(key)\n","    u2 = jax.random.uniform(key = key,shape = shape)\n","    key, subkey = jax.random.split(key)\n","    n1 = jnp.sqrt(-2 * jnp.log(u1)) * jnp.cos(2 * jnp.pi * u2)\n","    n2 = jnp.sqrt(-2 * jnp.log(u1)) * jnp.sin(2 * jnp.pi * u2)\n","    return n1\n","\n","Gaussian_random_variable_sample = box_muller(shape=(5000,))"]},{"cell_type":"markdown","source":["I have used cholesky decomposition to convert Univariate Gaussian to Multivariate guassian.\n","\n","Let the given mean is **m** and covariance matrix is Σ.\n","Let the cholesky decomposition of Σ yield \\$L\\$ such that \\$Σ = LL^T\\$.\n","Let \\$u\\$ have Normal distribution. \n","ie \\$ u ∼ N(0,1) \\$\n","\n","then if we compute \n","\\begin{equation*}\n","x = m + Lu\n","\\end{equation*}\n","\n","Then \\$x\\$ follows multivariate normal distribution with mean \\$m\\$ and covariance \\$Σ\\$.\n","ie. \n","\n","\\begin{equation*}\n","x∼ N(m,Σ)\n","\\end{equation*}\n","source: https://en.wikipedia.org/wiki/Multivariate_normal_distribution#Drawing_values_from_the_distribution"],"metadata":{"id":"W9H0v-tKCcrP"}},{"cell_type":"code","source":["def multivariate_guassian(mean,cov, size ):\n","  d = mean.shape[0]\n","  mean = mean.reshape(d,1)\n","  epsilon = 0.0001\n","  cov = cov\n","  L = jnp.linalg.cholesky(cov)\n","  shape = (size*d,)\n","  u = box_muller(shape =(size*d,))\n","  u = u.reshape(d,size)\n","  X = jnp.dot(L,u)\n","  X = X+mean\n","  return X.T\n","\n","dimension = 10 # change the dimension here.\n","mean = jax.random.uniform(key,shape=(dimension,),maxval=30)\n","rand = jax.random.uniform(key+11,shape= (dimension,dimension),minval=1,maxval=10)\n","cov = jnp.dot(rand,rand.T)\n","\n","\n","X = multivariate_guassian(mean,cov,(5000))"],"metadata":{"id":"OovX-3-TbDsd","executionInfo":{"status":"ok","timestamp":1649605374413,"user_tz":-330,"elapsed":1502,"user":{"displayName":"Anand Hegde","userId":"08790360327867025636"}}},"execution_count":4,"outputs":[]},{"cell_type":"code","source":["sample_mean = jnp.mean(X,axis=0)\n","print(f\"given mean={mean}\\nsample mean = {sample_mean}\")\n","\n","sample_cov = jnp.cov(X.T)\n","print(f\"given cov = \\n{cov}\\nsample cov=\\n{sample_cov}\")"],"metadata":{"colab":{"base_uri":"https://localhost:8080/"},"id":"NtKdd-DFuSvi","executionInfo":{"status":"ok","timestamp":1649605374414,"user_tz":-330,"elapsed":16,"user":{"displayName":"Anand Hegde","userId":"08790360327867025636"}},"outputId":"28bd545c-9d72-4d47-9697-8b5d0d8d80a9"},"execution_count":5,"outputs":[{"output_type":"stream","name":"stdout","text":["given mean=[25.48 4.00 24.89 7.23 16.90 7.12 5.95 25.94 6.67 13.66]\n","sample mean = [25.61 4.16 24.96 7.34 17.06 7.14 6.03 26.03 6.79 13.71]\n","given cov = \n","[[364.74 240.74 344.65 277.72 291.31 266.32 433.64 329.20 292.56 324.72]\n"," [240.74 306.49 332.71 272.43 247.39 192.59 346.58 340.15 229.14 251.10]\n"," [344.65 332.71 430.01 339.18 311.42 262.40 470.22 425.77 299.51 357.02]\n"," [277.72 272.43 339.18 360.56 256.41 268.85 399.48 345.23 286.78 300.44]\n"," [291.31 247.39 311.42 256.41 292.65 213.05 370.94 308.74 288.45 293.70]\n"," [266.32 192.59 262.40 268.85 213.05 283.99 354.83 285.54 261.14 254.69]\n"," [433.64 346.58 470.22 399.48 370.94 354.83 606.74 485.66 403.06 458.58]\n"," [329.20 340.15 425.77 345.23 308.74 285.54 485.66 502.69 317.94 386.12]\n"," [292.56 229.14 299.51 286.78 288.45 261.14 403.06 317.94 346.56 284.97]\n"," [324.72 251.10 357.02 300.44 293.70 254.69 458.58 386.12 284.97 418.48]]\n","sample cov=\n","[[360.87 240.82 342.15 273.46 286.73 264.75 432.69 329.54 287.62 323.93]\n"," [240.82 314.50 336.64 274.24 250.25 192.02 349.48 344.66 230.51 251.60]\n"," [342.15 336.64 429.63 336.92 310.42 260.22 470.67 427.63 297.43 356.56]\n"," [273.46 274.24 336.92 357.98 253.51 267.07 398.42 346.22 284.67 298.09]\n"," [286.73 250.25 310.42 253.51 289.66 209.83 369.29 309.63 283.75 292.60]\n"," [264.75 192.02 260.22 267.07 209.83 284.17 354.48 285.23 258.89 253.04]\n"," [432.69 349.48 470.67 398.42 369.29 354.48 610.47 489.67 400.84 462.23]\n"," [329.54 344.66 427.63 346.22 309.63 285.23 489.67 504.87 318.87 387.51]\n"," [287.62 230.51 297.43 284.67 283.75 258.89 400.84 318.87 340.85 283.83]\n"," [323.93 251.60 356.56 298.09 292.60 253.04 462.23 387.51 283.83 422.31]]\n"]}]},{"cell_type":"markdown","source":["In order to check whether our samples have the same distribution as we wanted, we will check the L2 norm of the difference between the given mean and sample mean.\n"],"metadata":{"id":"-NxTeNkfIYfv"}},{"cell_type":"code","source":["error = jnp.linalg.norm(sample_mean-mean)\n","print(\"error in mean is\")\n","print(error/dimension)"],"metadata":{"colab":{"base_uri":"https://localhost:8080/"},"id":"5TRQd0P658To","executionInfo":{"status":"ok","timestamp":1649605374415,"user_tz":-330,"elapsed":15,"user":{"displayName":"Anand Hegde","userId":"08790360327867025636"}},"outputId":"67169dc8-531c-4686-9927-58b09325fa37"},"execution_count":6,"outputs":[{"output_type":"stream","name":"stdout","text":["error in mean is\n","0.034104403\n"]}]},{"cell_type":"code","source":["errorcov = jnp.linalg.norm(sample_cov-cov)\n","print(\"error in cov is\")\n","print(errorcov/(dimension**2))"],"metadata":{"colab":{"base_uri":"https://localhost:8080/"},"id":"z2JDgNpc6NOc","executionInfo":{"status":"ok","timestamp":1649605374415,"user_tz":-330,"elapsed":9,"user":{"displayName":"Anand Hegde","userId":"08790360327867025636"}},"outputId":"2264f46b-4c58-4c7b-872b-3273f08d5b1c"},"execution_count":7,"outputs":[{"output_type":"stream","name":"stdout","text":["error in cov is\n","0.26023322\n"]}]},{"cell_type":"markdown","source":["Since the values are very low, we can say that the samples have the same distribution as we wanted.\n"],"metadata":{"id":"zjs45kPJJNXH"}}]}